     2.10           N: GPS NAV DATA                         RINEX VERSION / TYPE
JPS2RIN v.2.0.67    JAVAD GNSS          20130531 145402 UTC PGM / RUN BY / DATE
    16                                                      LEAP SECONDS
    1.3970D-08 -1.4901D-08 -5.9605D-08  1.1921D-07          ION ALPHA
    1.1878D+05 -2.4576D+05  0.0000D+00  8.5197D+05          ION BETA
                                                            END OF HEADER
 8 93 10  8  7 59 44.0 6.467103958130D-06 2.273736754432D-13 0.000000000000D+00
    0.000000000000D+00 4.828125000000D+01 3.381569427369D-09-2.485379459288D+00
    2.296641469002D-06 1.295475068036D-02 9.946525096893D-06 5.153727199554D+03
    4.607840000000D+05-8.195638656616D-08 1.785763359572D+00-1.303851604462D-07
    9.979397452932D-01 2.073750000000D+02-2.874932149447D+00-7.483526004611D-09
    1.339341503235D-10 1.000000000000D+00 7.180000000000D+02 0.000000000000D+00
    2.000000000000D+00 0.000000000000D+00-4.190951585770D-09 0.000000000000D+00
    4.602900000000D+05 4.000000000000D+00
 7 93 10  8  8  0  0.0 2.198196016252D-04 4.206412995700D-12 0.000000000000D+00
    2.900000000000D+01 3.300000000000D+01 3.929806549360D-09-1.923624025359D+00
    1.598149538040D-06 6.401756894775D-03 9.372830390930D-06 5.153690431595D+03
    4.608000000000D+05-8.009374141693D-08 1.694376330078D+00-4.470348358154D-08
    9.752094244955D-01 2.077187500000D+02-2.936760661675D+00-7.754251567131D-09
    5.393081786361D-11 1.000000000000D+00 7.180000000000D+02 0.000000000000D+00
    2.000000000000D+00 0.000000000000D+00-1.071020960808D-08 2.900000000000D+01
    4.602900000000D+05 4.000000000000D+00
10 93 10  8  8  0  0.0-8.178129792213D-05-1.364242052659D-12 0.000000000000D+00
    8.800000000000D+01 4.509375000000D+01 5.371295164575D-09 1.889540361615D+00
    2.238899469376D-06 1.240700448398D-02 6.731599569321D-06 5.153632961273D+03
    4.608000000000D+05-3.073364496231D-07-4.031710208913D-01-1.098960638046D-07
    9.436604916130D-01 2.430625000000D+02 8.026212383848D-01-8.475353032473D-09
    1.207193141583D-10 1.000000000000D+00 7.180000000000D+02 0.000000000000D+00
    2.000000000000D+00 0.000000000000D+00-2.793967723846D-09 8.800000000000D+01
    4.602900000000D+05 4.000000000000D+00
 8 13  5 24  7 59 44.0 6.467103958130D-06 2.273736754432D-13 0.000000000000D+00
    0.000000000000D+00 4.828125000000D+01 3.381569427369D-09-2.485379459288D+00
    2.296641469002D-06 1.295475068036D-02 9.946525096893D-06 5.153727199554D+03
    4.607840000000D+05-8.195638656616D-08 1.785763359572D+00-1.303851604462D-07
    9.979397452932D-01 2.073750000000D+02-2.874932149447D+00-7.483526004611D-09
    1.339341503235D-10 1.000000000000D+00 1.742000000000D+03 0.000000000000D+00
    2.000000000000D+00 0.000000000000D+00-4.190951585770D-09 0.000000000000D+00
    4.602900000000D+05 4.000000000000D+00
27 13  5 31  7 59 28.0-2.328306436539D-09 0.000000000000D+00 0.000000000000D+00
    9.300000000000D+01-6.681250000000D+01 4.614835083548D-09 1.636987000336D-01
   -3.524124622345D-06 9.816023521125D-05 6.845220923424D-06 5.153662496567D+03
    4.607680000000D+05-1.490116119385D-08-2.518243319994D+00-5.029141902924D-08
    9.601447446940D-01 2.482500000000D+02 7.751038268484D-01-8.196055684332D-09
   -4.464471677451D-11 1.000000000000D+00 1.742000000000D+03 0.000000000000D+00
    2.000000000000D+00 6.300000000000D+01 3.725290298462D-09 9.300000000000D+01
    4.604100000000D+05 4.000000000000D+00
 3 13  5 31  7 59 44.0 2.140202559531D-04 5.002220859751D-12 0.000000000000D+00
    1.000000000000D+01-5.650000000000D+01 5.315935715775D-09-3.758856457173D-01
   -2.911314368248D-06 1.627541997004D-02 6.159767508507D-06 5.153697116852D+03
    4.607840000000D+05-1.490116119385D-07-2.657761584609D+00 1.341104507446D-07
    9.347172374448D-01 2.508437500000D+02 1.290547739213D+00-8.850011495645D-09
    3.250135381184D-11 1.000000000000D+00 1.742000000000D+03 0.000000000000D+00
    2.000000000000D+00 0.000000000000D+00-4.656612873077D-09 1.000000000000D+01
    4.603500000000D+05 4.000000000000D+00
 6 13  5 31  7 59 44.0 2.087070606649D-04-1.659827830736D-11 0.000000000000D+00
    1.000000000000D+00-6.468750000000D+01 5.062710882230D-09 1.460686783948D+00
   -3.399327397346D-06 8.081080392003D-03 6.116926670074D-06 5.153681652069D+03
    4.607840000000D+05 7.264316082001D-08-2.578293418304D+00 6.891787052155D-08
    9.413076000056D-01 2.511562500000D+02-3.117548251998D-01-8.402135696963D-09
   -1.178620522847D-10 1.000000000000D+00 1.742000000000D+03 0.000000000000D+00
    2.000000000000D+00 0.000000000000D+00-5.122274160385D-09 1.000000000000D+00
    4.604700000000D+05 4.000000000000D+00
 8 13  5 31  7 59 44.0 6.467103958130D-06 2.273736754432D-13 0.000000000000D+00
    0.000000000000D+00 4.828125000000D+01 3.381569427369D-09-2.485379459288D+00
    2.296641469002D-06 1.295475068036D-02 9.946525096893D-06 5.153727199554D+03
    4.607840000000D+05-8.195638656616D-08 1.785763359572D+00-1.303851604462D-07
    9.979397452932D-01 2.073750000000D+02-2.874932149447D+00-7.483526004611D-09
    1.339341503235D-10 1.000000000000D+00 1.742000000000D+03 0.000000000000D+00
    2.000000000000D+00 0.000000000000D+00-4.190951585770D-09 0.000000000000D+00
    4.602900000000D+05 4.000000000000D+00
19 13  5 31  7 59 44.0-3.772685304284D-04-3.069544618484D-12 0.000000000000D+00
    1.000000000000D+00-6.721875000000D+01 4.583405202938D-09 1.225297626907D-01
   -3.453344106674D-06 9.305946179666D-03 7.197260856628D-06 5.153705577850D+03
    4.607840000000D+05 8.940696716309D-08-2.423118482142D+00 6.705522537231D-08
    9.627734197660D-01 2.421562500000D+02 3.086720559673D-01-8.255343868208D-09
   -6.071681481333D-11 1.000000000000D+00 1.742000000000D+03 0.000000000000D+00
    2.000000000000D+00 0.000000000000D+00-1.490116119385D-08 1.000000000000D+00
    4.606800000000D+05 4.000000000000D+00
 7 13  5 31  8  0  0.0 2.198196016252D-04 4.206412995700D-12 0.000000000000D+00
    2.900000000000D+01 3.300000000000D+01 3.929806549360D-09-1.923624025359D+00
    1.598149538040D-06 6.401756894775D-03 9.372830390930D-06 5.153690431595D+03
    4.608000000000D+05-8.009374141693D-08 1.694376330078D+00-4.470348358154D-08
    9.752094244955D-01 2.077187500000D+02-2.936760661675D+00-7.754251567131D-09
    5.393081786361D-11 1.000000000000D+00 1.742000000000D+03 0.000000000000D+00
    2.000000000000D+00 0.000000000000D+00-1.071020960808D-08 2.900000000000D+01
    4.602900000000D+05 4.000000000000D+00
10 13  5 31  8  0  0.0-8.178129792213D-05-1.364242052659D-12 0.000000000000D+00
    8.800000000000D+01 4.509375000000D+01 5.371295164575D-09 1.889540361615D+00
    2.238899469376D-06 1.240700448398D-02 6.731599569321D-06 5.153632961273D+03
    4.608000000000D+05-3.073364496231D-07-4.031710208913D-01-1.098960638046D-07
    9.436604916130D-01 2.430625000000D+02 8.026212383848D-01-8.475353032473D-09
    1.207193141583D-10 1.000000000000D+00 1.742000000000D+03 0.000000000000D+00
    2.000000000000D+00 0.000000000000D+00-2.793967723846D-09 8.800000000000D+01
    4.602900000000D+05 4.000000000000D+00
13 13  5 31  8  0  0.0 1.140874810517D-04-3.637978807092D-12 0.000000000000D+00
    8.100000000000D+01-3.562500000000D+00 4.120171621686D-09 4.588113750154D-01
   -4.041939973831D-07 5.176150938496D-03 7.973983883858D-06 5.153746170044D+03
    4.608000000000D+05-3.539025783539D-08 7.270152167705D-01-4.284083843231D-08
    9.817158111698D-01 2.379062500000D+02 2.126995905071D+00-7.945330954926D-09
   -4.510902182897D-10 1.000000000000D+00 1.742000000000D+03 0.000000000000D+00
    2.000000000000D+00 0.000000000000D+00-1.117587089539D-08 8.100000000000D+01
    4.603800000000D+05 4.000000000000D+00
19 13  5 31  8  0  0.0-3.772685304284D-04-3.069544618484D-12 0.000000000000D+00
    9.300000000000D+01-6.721875000000D+01 4.583405202938D-09 1.248637402303D-01
   -3.453344106674D-06 9.305942337960D-03 7.197260856628D-06 5.153705577850D+03
    4.608000000000D+05 8.940696716309D-08-2.423118619657D+00 6.705522537231D-08
    9.627734300064D-01 2.421562500000D+02 3.086717984937D-01-8.254986710474D-09
   -6.035965707914D-11 1.000000000000D+00 1.742000000000D+03 0.000000000000D+00
    2.000000000000D+00 0.000000000000D+00-1.490116119385D-08 9.300000000000D+01
    4.603200000000D+05 4.000000000000D+00
26 13  5 31  8  0  0.0 3.446359187365D-05 1.568878360558D-11 0.000000000000D+00
    7.600000000000D+01-4.625000000000D+00 4.396611707954D-09-3.949122412228D-01
   -8.568167686462D-08 2.117312850896D-02 7.800757884979D-06 5.153664205551D+03
    4.608000000000D+05-1.266598701477D-07 7.196164749375D-01 2.086162567139D-07
    9.791732098088D-01 2.402500000000D+02 1.241514795035D+00-8.412850428989D-09
   -4.389468553270D-10 1.000000000000D+00 1.742000000000D+03 0.000000000000D+00
    2.000000000000D+00 0.000000000000D+00-6.053596735001D-09 7.600000000000D+01
    4.604700000000D+05 4.000000000000D+00
28 13  5 31  8  0  0.0 2.632532268763D-04 3.296918293927D-12 0.000000000000D+00
    3.400000000000D+01 3.375000000000D+00 4.136958035193D-09 1.627717926517D+00
   -8.009374141693D-08 1.857386110350D-02 4.986301064491D-06 5.153642740250D+03
    4.608000000000D+05-1.080334186554D-07 2.778101032705D+00-4.973262548447D-07
    9.834748604412D-01 2.955312500000D+02-1.769604251737D+00-8.106051935314D-09
    2.832260832175D-10 1.000000000000D+00 1.742000000000D+03 0.000000000000D+00
    2.000000000000D+00 0.000000000000D+00-1.071020960808D-08 3.400000000000D+01
    4.604400000000D+05 4.000000000000D+00
27 13  5 31  9 59 28.0-2.328306436539D-09 0.000000000000D+00 0.000000000000D+00
    9.400000000000D+01-6.687500000000D+01 4.611620663940D-09 1.220089135301D+00
   -3.565102815628D-06 9.755708742887D-05 6.390735507011D-06 5.153660890579D+03
    4.679680000000D+05 2.607703208923D-08-2.518302429199D+00-5.401670932770D-08
    9.601444857575D-01 2.544687500000D+02 7.689022318414D-01-8.208556205029D-09
   -3.750156209059D-11 1.000000000000D+00 1.742000000000D+03 0.000000000000D+00
    2.000000000000D+00 6.300000000000D+01 3.725290298462D-09 9.400000000000D+01
    4.608000000000D+05 4.000000000000D+00
 6 13  5 31  9 59 44.0 2.085878513753D-04-1.659827830736D-11 0.000000000000D+00
    2.000000000000D+00-6.500000000000D+01 5.032709632557D-09 2.510899965702D+00
   -3.373250365257D-06 8.081146981567D-03 5.919486284256D-06 5.153681142807D+03
    4.679840000000D+05-1.862645149231D-09-2.578354116238D+00 1.098960638046D-07
    9.413068919532D-01 2.532500000000D+02-3.117877569487D-01-8.379634759709D-09
   -6.964575816824D-11 1.000000000000D+00 1.742000000000D+03 0.000000000000D+00
    2.000000000000D+00 0.000000000000D+00-5.122274160385D-09 2.000000000000D+00
    4.608000000000D+05 4.000000000000D+00
 8 13  5 31  9 59 44.0 6.468500941992D-06 2.273736754432D-13 0.000000000000D+00
    6.000000000000D+00 3.581250000000D+01 3.514432104489D-09-1.435480076387D+00
    1.687556505203D-06 1.295648899395D-02 8.789822459221D-06 5.153720499039D+03
    4.679840000000D+05 2.421438694000D-08 1.785709595869D+00-2.495944499969D-07
    9.979406654686D-01 2.306875000000D+02-2.874688642344D+00-7.515670200688D-09
    7.678891285216D-11 1.000000000000D+00 1.742000000000D+03 0.000000000000D+00
    2.000000000000D+00 0.000000000000D+00-4.190951585770D-09 6.000000000000D+00
    4.608000000000D+05 4.000000000000D+00
11 13  5 31  9 59 44.0-3.871042281389D-04-3.637978807092D-12 0.000000000000D+00
    2.000000000000D+00-2.818750000000D+01 6.245974455621D-09-6.733959790626D-01
   -1.322478055954D-06 1.400228845887D-02 9.380280971527D-06 5.153688850403D+03
    4.679840000000D+05-9.126961231232D-08-1.763629230556D+00 2.253800630569D-07
    8.886489406410D-01 1.647187500000D+02 1.168492330636D+00-9.060377401086D-09
    8.643217167545D-11 1.000000000000D+00 1.742000000000D+03 0.000000000000D+00
    2.000000000000D+00 0.000000000000D+00-1.164153218269D-08 2.000000000000D+00
    4.679700000000D+05 4.000000000000D+00
13 13  5 31  9 59 44.0 1.140600070357D-04-3.637978807092D-12 0.000000000000D+00
    1.000000000000D+00-4.656250000000D+00 4.124457514496D-09 1.506292803027D+00
   -4.563480615616D-07 5.177263170481D-03 6.914138793945D-06 5.153749933243D+03
    4.679840000000D+05 3.725290298462D-09 7.269582756101D-01-5.401670932770D-08
    9.817127741518D-01 2.518750000000D+02 2.127313397793D+00-7.906400761899D-09
   -4.485901141503D-10 1.000000000000D+00 1.742000000000D+03 0.000000000000D+00
    2.000000000000D+00 0.000000000000D+00-1.117587089539D-08 1.000000000000D+00
    4.635300000000D+05 4.000000000000D+00
19 13  5 31  9 59 44.0-3.772904165089D-04-3.069544618484D-12 0.000000000000D+00
    2.000000000000D+00-6.650000000000D+01 4.539117643898D-09 1.172716527071D+00
   -3.430992364883D-06 9.306043270044D-03 7.037073373795D-06 5.153705465317D+03
    4.679840000000D+05-5.401670932770D-08-2.423177044216D+00 8.754432201385D-08
    9.627728901896D-01 2.457812500000D+02 3.086463671258D-01-8.176412008951D-09
   -1.600066649198D-10 1.000000000000D+00 1.742000000000D+03 0.000000000000D+00
    2.000000000000D+00 0.000000000000D+00-1.490116119385D-08 2.000000000000D+00
    4.608000000000D+05 4.000000000000D+00
 3 13  5 31 10  0  0.0 2.140565775335D-04 5.002220859751D-12 0.000000000000D+00
    1.100000000000D+01-5.665625000000D+01 5.331650656079D-09 6.766345022573D-01
   -3.010034561157D-06 1.627460028976D-02 5.871057510376D-06 5.153695493698D+03
    4.680000000000D+05-1.955777406693D-07-2.657824529586D+00-7.078051567078D-08
    9.347169638791D-01 2.570000000000D+02 1.290533484540D+00-8.832867924403D-09
   -1.335769925893D-10 1.000000000000D+00 1.742000000000D+03 0.000000000000D+00
    2.000000000000D+00 0.000000000000D+00-4.656612873077D-09 1.100000000000D+01
    4.611600000000D+05 4.000000000000D+00
 5 13  5 31 10  0  0.0-3.959573805332D-04-9.094947017729D-13 0.000000000000D+00
    3.800000000000D+01 4.640625000000D+01 5.230217859567D-09 2.717169984145D+00
    2.466142177582D-06 3.035819623619D-03 6.649643182755D-06 5.153621248245D+03
    4.680000000000D+05-5.029141902924D-08-4.226343764411D-01-3.725290298462D-08
    9.488226847876D-01 2.458750000000D+02 2.651574114076D-01-8.341418882150D-09
    1.889364413897D-10 1.000000000000D+00 1.742000000000D+03 0.000000000000D+00
    2.000000000000D+00 0.000000000000D+00-1.024454832077D-08 3.800000000000D+01
    4.618200000000D+05 4.000000000000D+00
 7 13  5 31 10  0  0.0 2.198503352702D-04 4.206412995700D-12 0.000000000000D+00
    5.000000000000D+01 2.378125000000D+01 4.006595462212D-09-8.734635627834D-01
    1.087784767151D-06 6.402546074241D-03 9.067356586456D-06 5.153690593719D+03
    4.680000000000D+05 1.620501279831D-07 1.694321257064D+00-1.005828380585D-07
    9.752089329550D-01 2.151250000000D+02-2.936754077081D+00-7.858898783251D-09
   -1.303625729816D-10 1.000000000000D+00 1.742000000000D+03 0.000000000000D+00
    2.000000000000D+00 0.000000000000D+00-1.071020960808D-08 5.000000000000D+01
    4.608000000000D+05 4.000000000000D+00
 9 13  5 31 10  0  0.0 2.445932477713D-04 2.614797267597D-12 0.000000000000D+00
    2.100000000000D+01 2.696875000000D+01 3.929449391625D-09-1.699302731580D-01
    1.335516571999D-06 1.742552884389D-02 9.385868906975D-06 5.152784458160D+03
    4.680000000000D+05-3.259629011154D-07 1.671119567969D+00 3.539025783539D-08
    9.838355823925D-01 2.155000000000D+02 1.666138400666D+00-8.061050060806D-09
   -5.214502919263D-11 1.000000000000D+00 1.742000000000D+03 0.000000000000D+00
    2.000000000000D+00 0.000000000000D+00-5.587935447693D-09 2.100000000000D+01
    4.619700000000D+05 4.000000000000D+00
10 13  5 31 10  0  0.0-8.179107680917D-05-1.364242052659D-12 0.000000000000D+00
    8.900000000000D+01 4.740625000000D+01 5.212002815123D-09 2.939710624279D+00
    2.300366759300D-06 1.240631507244D-02 6.321817636490D-06 5.153634534836D+03
    4.680000000000D+05-9.313225746155D-09-4.032309186091D-01-1.750886440277D-07
    9.436626333250D-01 2.490000000000D+02 8.026619118962D-01-8.209984835965D-09
    1.360770967287D-10 1.000000000000D+00 1.742000000000D+03 0.000000000000D+00
    2.000000000000D+00 0.000000000000D+00-2.793967723846D-09 8.900000000000D+01
    4.608600000000D+05 4.000000000000D+00
13 13  5 31 10  0  0.0 1.140614040196D-04-3.637978807092D-12 0.000000000000D+00
    8.900000000000D+01-4.656250000000D+00 4.124457514496D-09 1.508627084854D+00
   -4.563480615616D-07 5.177264683880D-03 6.914138793945D-06 5.153749935150D+03
    4.680000000000D+05 3.725290298462D-09 7.269581454104D-01-5.401670932770D-08
    9.817127536710D-01 2.518750000000D+02 2.127312745332D+00-7.906400761899D-09
   -4.485901141503D-10 1.000000000000D+00 1.742000000000D+03 0.000000000000D+00
    2.000000000000D+00 0.000000000000D+00-1.117587089539D-08 8.900000000000D+01
    4.608000000000D+05 4.000000000000D+00
15 13  5 31 10  0  0.0-1.213429495692D-04-1.591615728103D-12 0.000000000000D+00
    4.500000000000D+01-7.531250000000D+00 5.282720046494D-09 1.175029665342D+00
   -1.452863216400D-07 5.405405187048D-03 6.584450602531D-06 5.153762557983D+03
    4.680000000000D+05 7.823109626770D-08 5.976865145110D-01 6.519258022308D-08
    9.410742265361D-01 2.389375000000D+02 1.677444994603D-01-8.541784371034D-09
   -4.946634618616D-10 1.000000000000D+00 1.742000000000D+03 0.000000000000D+00
    2.000000000000D+00 0.000000000000D+00-1.024454832077D-08 4.500000000000D+01
    4.651500000000D+05 4.000000000000D+00
21 13  5 31 10  0  0.0-3.005415201187D-04-2.160049916711D-12 0.000000000000D+00
    8.400000000000D+01-1.034375000000D+01 5.007351433429D-09-1.847882193745D+00
   -6.426125764847D-07 2.040385745931D-02 1.027993857861D-05 5.153686052322D+03
    4.680000000000D+05 3.241002559662D-07-1.467963373584D+00-7.264316082001D-08
    9.312285245373D-01 1.551250000000D+02-2.132722911898D+00-7.997118826385D-09
    3.714440435639D-10 1.000000000000D+00 1.742000000000D+03 0.000000000000D+00
    2.000000000000D+00 0.000000000000D+00-1.117587089539D-08 8.400000000000D+01
    4.636200000000D+05 4.000000000000D+00
26 13  5 31 10  0  0.0 3.457674756646D-05 1.568878360558D-11 0.000000000000D+00
    7.700000000000D+01-4.812500000000D+00 4.423398538019D-09 6.552745363232D-01
   -1.024454832077D-07 2.117303083651D-02 7.959082722664D-06 5.153664009094D+03
    4.680000000000D+05-2.402812242508D-07 7.195565742938D-01 9.313225746155D-08
    9.791696827133D-01 2.408750000000D+02 1.241513633478D+00-8.377134655569D-09
   -5.478799642568D-10 1.000000000000D+00 1.742000000000D+03 0.000000000000D+00
    2.000000000000D+00 0.000000000000D+00-6.053596735001D-09 7.700000000000D+01
    4.608000000000D+05 4.000000000000D+00
28 13  5 31 10  0  0.0 2.632769756019D-04 3.296918293927D-12 0.000000000000D+00
    4.300000000000D+01 5.156250000000D+00 3.942664227791D-09 2.677903372807D+00
    2.253800630569D-07 1.857369975187D-02 4.740431904793D-06 5.153643207550D+03
    4.680000000000D+05 2.030283212662D-07 2.778045648089D+00-7.264316082001D-08
    9.834784533680D-01 2.964375000000D+02-1.769594181009D+00-7.646389931404D-09
    1.603638226540D-10 1.000000000000D+00 1.742000000000D+03 0.000000000000D+00
    2.000000000000D+00 0.000000000000D+00-1.071020960808D-08 4.300000000000D+01
    4.608000000000D+05 4.000000000000D+00
11 13  5 31 11 59 44.0-3.871303051710D-04-3.637978807092D-12 0.000000000000D+00
    8.000000000000D+00-3.809375000000D+01 6.211687313138D-09 3.767494125310D-01
   -2.019107341766D-06 1.400122779887D-02 9.402632713318D-06 5.153686693192D+03
    4.751840000000D+05-2.533197402954D-07-1.763693931034D+00 6.705522537231D-08
    8.886494117007D-01 1.632187500000D+02 1.168531763593D+00-9.029661835945D-09
   -3.035840740667D-11 1.000000000000D+00 1.742000000000D+03 0.000000000000D+00
    2.000000000000D+00 0.000000000000D+00-1.164153218269D-08 8.000000000000D+00
    4.680000000000D+05 4.000000000000D+00
 1 13  5 31 12  0  0.0 3.212457522750D-05 4.320099833421D-12 0.000000000000D+00
    2.200000000000D+01-1.718750000000D+01 4.494115769389D-09 8.145850672863D-01
   -9.313225746155D-07 1.901757786982D-03 1.034699380398D-05 5.153698465347D+03
    4.752000000000D+05 2.235174179077D-08-1.466347304074D+00 2.793967723846D-08
    9.598775646506D-01 1.818125000000D+02 2.562867911221D-01-7.961760210699D-09
    1.303625729816D-10 1.000000000000D+00 1.742000000000D+03 0.000000000000D+00
    2.000000000000D+00 0.000000000000D+00 8.381903171539D-09 2.200000000000D+01
    4.713900000000D+05 4.000000000000D+00
 5 13  5 31 12  0  0.0-3.959634341300D-04-9.094947017729D-13 0.000000000000D+00
    3.900000000000D+01 4.968750000000D+01 5.149857369373D-09-2.515780136066D+00
    2.466142177582D-06 3.035083063878D-03 6.567686796188D-06 5.153622638702D+03
    4.752000000000D+05-1.117587089539D-08-4.226943633969D-01-4.842877388000D-08
    9.488241111327D-01 2.499687500000D+02 2.651395872138D-01-8.329989834655D-09
    1.950081228711D-10 1.000000000000D+00 1.742000000000D+03 0.000000000000D+00
    2.000000000000D+00 0.000000000000D+00-1.024454832077D-08 3.900000000000D+01
    4.680000000000D+05 4.000000000000D+00
 7 13  5 31 12  0  0.0 2.198806032538D-04 4.206412995700D-12 0.000000000000D+00
    7.300000000000D+01 1.321875000000D+01 4.123386041294D-09 1.768489291649D-01
    5.327165126801D-07 6.403429200873D-03 8.519738912582D-06 5.153692785263D+03
    4.752000000000D+05 5.029141902924D-08 1.694264274942D+00 3.166496753693D-08
    9.752071672129D-01 2.204062500000D+02-2.936900813616D+00-8.011762293487D-09
   -1.660783464012D-10 1.000000000000D+00 1.742000000000D+03 0.000000000000D+00
    2.000000000000D+00 0.000000000000D+00-1.071020960808D-08 7.300000000000D+01
    4.680000000000D+05 4.000000000000D+00
 8 13  5 31 12  0  0.0 6.470363587141D-06 2.273736754432D-13 0.000000000000D+00
    7.000000000000D+00 1.712500000000D+01 3.591578175076D-09-3.828355950049D-01
    7.450580596924D-07 1.295807794668D-02 8.525326848030D-06 5.153725612640D+03
    4.752000000000D+05 1.844018697739D-07 1.785655633210D+00 8.754432201385D-08
    9.979393898041D-01 2.349687500000D+02-2.874856516582D+00-7.808182384995D-09
   -1.150047904111D-10 1.000000000000D+00 1.742000000000D+03 0.000000000000D+00
    2.000000000000D+00 0.000000000000D+00-4.190951585770D-09 7.000000000000D+00
    4.680000000000D+05 4.000000000000D+00
 9 13  5 31 12  0  0.0 2.446118742228D-04 2.614797267597D-12 0.000000000000D+00
    2.200000000000D+01 1.287500000000D+01 3.932306653499D-09 8.807254120571D-01
    3.855675458908D-07 1.742669963278D-02 9.404495358467D-06 5.152787330627D+03
    4.752000000000D+05-2.402812242508D-07 1.671061803186D+00-2.291053533554D-07
    9.838345729790D-01 2.166250000000D+02 1.666202934372D+00-8.045692278235D-09
   -1.592923494515D-10 1.000000000000D+00 1.742000000000D+03 0.000000000000D+00
    2.000000000000D+00 0.000000000000D+00-5.587935447693D-09 2.200000000000D+01
    4.680000000000D+05 4.000000000000D+00
15 13  5 31 12  0  0.0-1.213545911014D-04-1.591615728103D-12 0.000000000000D+00
    5.800000000000D+01-5.187500000000D+00 5.305578141483D-09 2.225199533018D+00
   -1.881271600723D-07 5.405546864495D-03 6.800517439842D-06 5.153762147903D+03
    4.752000000000D+05-1.545995473862D-07 5.976242190704D-01 1.527369022369D-07
    9.410714718613D-01 2.393125000000D+02 1.677074481341D-01-8.449637675611D-09
   -3.121558596874D-10 1.000000000000D+00 1.742000000000D+03 0.000000000000D+00
    2.000000000000D+00 0.000000000000D+00-1.024454832077D-08 5.800000000000D+01
    4.680000000000D+05 4.000000000000D+00
17 13  5 31 12  0  0.0 1.384969800711D-05-4.092726157978D-12 0.000000000000D+00
    7.700000000000D+01-6.612500000000D+01 4.284821337150D-09 2.936262150396D+00
   -3.393739461899D-06 8.345744223334D-03 7.066875696182D-06 5.153636671066D+03
    4.752000000000D+05-5.587935447693D-09-2.475159074711D+00-1.043081283569D-07
    9.655721327322D-01 2.439687500000D+02-2.191459609672D+00-7.902829184557D-09
   -4.785913638228D-11 1.000000000000D+00 1.742000000000D+03 0.000000000000D+00
    2.000000000000D+00 0.000000000000D+00-1.024454832077D-08 7.700000000000D+01
    4.681200000000D+05 4.000000000000D+00
18 13  5 31 12  0  0.0 2.563218586147D-04 1.818989403546D-12 0.000000000000D+00
    2.600000000000D+01 5.234375000000D+01 5.575946546269D-09-1.852137790253D+00
    2.730637788773D-06 1.437359803822D-02 5.958601832390D-06 5.153601217270D+03
    4.752000000000D+05 2.514570951462D-07-4.201867784431D-01-3.911554813385D-08
    9.274303474023D-01 2.412187500000D+02-2.105827789140D+00-8.442851678661D-09
    3.396570052205D-10 1.000000000000D+00 1.742000000000D+03 0.000000000000D+00
    2.000000000000D+00 0.000000000000D+00-1.117587089539D-08 2.600000000000D+01
    4.685700000000D+05 4.000000000000D+00
19 13  5 31 12  0  0.0-3.773123025894D-04-3.069544618484D-12 0.000000000000D+00
    3.000000000000D+00-7.287500000000D+01 4.495544400326D-09 2.225125921906D+00
   -3.755092620850D-06 9.305746993050D-03 7.139518857002D-06 5.153707023621D+03
    4.752000000000D+05-1.117587089539D-07-2.423236157810D+00 1.676380634308D-08
    9.627718295740D-01 2.442500000000D+02 3.087320575523D-01-8.137481815924D-09
   -1.375057276655D-10 1.000000000000D+00 1.742000000000D+03 0.000000000000D+00
    2.000000000000D+00 0.000000000000D+00-1.490116119385D-08 3.000000000000D+00
    4.680000000000D+05 4.000000000000D+00
24 13  5 31 12  0  0.0-7.339753210545D-06-6.821210263297D-13 0.000000000000D+00
    7.100000000000D+01 2.681250000000D+01 4.491972822984D-09 8.091477913848D-01
    1.469627022743D-06 9.474363178015D-04 9.283423423767D-06 5.153685258865D+03
    4.752000000000D+05 3.911554813385D-08 1.665659321328D+00 1.862645149231D-09
    9.587402804324D-01 1.960625000000D+02 4.298718037604D-01-8.123552664290D-09
   -1.225051028293D-10 1.000000000000D+00 1.742000000000D+03 0.000000000000D+00
    2.000000000000D+00 0.000000000000D+00 2.793967723846D-09 7.100000000000D+01
    4.710600000000D+05 4.000000000000D+00
26 13  5 31 12  0  0.0 3.468943759799D-05 1.568878360558D-11 0.000000000000D+00
    7.900000000000D+01-1.071875000000D+01 4.290893018632D-09 1.705414507805D+00
   -9.853392839432D-07 2.117321500555D-02 7.608905434608D-06 5.153665859222D+03
    4.752000000000D+05-2.495944499969D-07 7.194957534747D-01-4.637986421585D-07
    9.791682592940D-01 2.448750000000D+02 1.241560149884D+00-7.922830017672D-09
   -3.078699668770D-10 1.000000000000D+00 1.742000000000D+03 0.000000000000D+00
    2.000000000000D+00 0.000000000000D+00-6.053596735001D-09 7.900000000000D+01
    4.680000000000D+05 4.000000000000D+00
28 13  5 31 12  0  0.0 2.633007243276D-04 3.296918293927D-12 0.000000000000D+00
    8.800000000000D+01 7.906250000000D+00 3.934806757638D-09-2.555080325763D+00
    4.451721906662D-07 1.857207389548D-02 5.470588803291D-06 5.153646209717D+03
    4.752000000000D+05 2.048909664154D-07 2.777990354175D+00 7.450580596924D-09
    9.834797421989D-01 2.849062500000D+02-1.769601134259D+00-7.646747089138D-09
    2.103659054415D-10 1.000000000000D+00 1.742000000000D+03 0.000000000000D+00
    2.000000000000D+00 0.000000000000D+00-1.071020960808D-08 8.800000000000D+01
    4.680000000000D+05 4.000000000000D+00
 7 93 10  8  8  0  0.0 2.198196016252D-04 4.206412995700D-12 0.000000000000D+00
    2.900000000000D+01 3.300000000000D+01 3.929806549360D-09-1.923624025359D+00
    1.598149538040D-06 6.401756894775D-03 9.372830390930D-06 5.153690431595D+03
    4.608000000000D+05-8.009374141693D-08 1.694376330078D+00-4.470348358154D-08
    9.752094244955D-01 2.077187500000D+02-2.936760661675D+00-7.754251567131D-09
    5.393081786361D-11 1.000000000000D+00 7.180000000000D+02 0.000000000000D+00
    2.000000000000D+00 0.000000000000D+00-1.071020960808D-08 2.900000000000D+01
    4.602900000000D+05 4.000000000000D+00
